PROJECTED_PIXEL
SAMPLE:         8.1634510920470031000000000000000000000000         1.0000513704959839000000000000000000000000        -0.0000303397642095692010000000000000000000 
LINE:           0.9015712059104625800000000000000000000000         0.0000061953577831666968000000000000000000         0.9999874687674632500000000000000000000000 
